date = 'Tue Sep  3 00:10:05 CST 2024';
version = 'blas_cal';
MY_MMult = [
128 3.612665e+00 1.065814e-14 
256 6.089734e+01 1.953993e-14 
512 6.188000e+01 7.460699e-14 
1024 7.048556e+01 1.492140e-13 
];
