date = 'Mon Sep  2 17:41:42 CST 2024';
version = 'MMult0';
MY_MMult = [
128 3.554495e+00 0.000000e+00 
256 3.865718e+01 0.000000e+00 
512 5.365490e+01 0.000000e+00 
1024 5.698813e+01 0.000000e+00 
];
