date = 'Mon Sep  2 16:41:59 CST 2024';
version = 'MMult1';
MY_MMult = [
128 7.672040e-01 0.000000e+00 
256 6.566811e-01 0.000000e+00 
512 6.577366e-01 0.000000e+00 
1024 6.204289e-01 0.000000e+00 
];
