<<<<<<< HEAD
date = 'Mon Sep  2 23:55:00 CST 2024';
version = 'MMult0';
MY_MMult = [
128 7.619081e-01 0.000000e+00 
256 6.569768e-01 0.000000e+00 
512 6.388582e-01 0.000000e+00 
1024 6.152240e-01 0.000000e+00 
=======
date = 'Mon Sep  2 17:41:42 CST 2024';
version = 'MMult0';
MY_MMult = [
128 3.554495e+00 0.000000e+00 
256 3.865718e+01 0.000000e+00 
512 5.365490e+01 0.000000e+00 
1024 5.698813e+01 0.000000e+00 
>>>>>>> 6122829 (第一问)
];
