date = 'Mon Sep  2 14:58:59 CST 2024';
version = 'MMult0';
MY_MMult = [
8 1.024000e+00 0.000000e+00 
];
