date = 'Mon Sep 23 16:55:29 CST 2024';
version = 'MY_MMult';
MY_MMult = [
16 1.036962e-02 1.332268e-15 
16 1.462857e-02 9.971197e-01 
16 6.301538e-01 9.971197e-01 
32 7.281778e+00 2.664535e-15 
32 4.283399e-01 9.999297e-01 
32 8.511169e-01 9.999297e-01 
64 2.912711e+01 3.552714e-15 
64 1.524093e+00 9.994341e-01 
64 8.295696e-01 9.994341e-01 
128 3.919910e+01 8.881784e-15 
128 2.430072e+00 9.999810e-01 
128 8.208031e-01 9.999810e-01 
256 5.242880e+01 1.776357e-14 
256 2.890132e+00 9.999865e-01 
256 8.213255e-01 9.999865e-01 
512 6.582527e+01 6.927792e-14 
512 3.321111e+00 9.999976e-01 
512 8.449870e-01 9.999976e-01 
1024 7.019526e+01 1.278977e-13 
1024 2.787409e+00 9.999986e-01 
1024 7.875989e-01 9.999986e-01 
2048 6.849181e+01 2.984279e-13 
2048 2.362033e+00 9.999998e-01 
2048 6.235626e-01 9.999998e-01 
];
