date = 'Mon Sep 23 16:45:31 CST 2024';
version = 'MY_MMult';
MY_MMult = [
128 4.826587e+00 1.065814e-14 
128 1.783293e+00 9.999981e-01 
128 8.204820e-01 9.999981e-01 
256 5.464891e+01 1.953993e-14 
256 3.167006e+00 9.999865e-01 
256 7.994671e-01 9.999865e-01 
512 6.865357e+01 7.460699e-14 
512 3.334768e+00 9.999976e-01 
512 8.432695e-01 9.999976e-01 
1024 6.981416e+01 1.492140e-13 
1024 2.826365e+00 9.999986e-01 
1024 7.947779e-01 9.999986e-01 
];
