date = 'Mon Sep 23 16:12:21 CST 2024';
version = 'openmp_gemm';
MY_MMult = [
128 7.594250e-01 0.000000e+00 
256 7.462344e-01 0.000000e+00 
512 6.451969e-01 0.000000e+00 
1024 6.378323e-01 0.000000e+00 
];
