date = 'Mon Sep 23 15:44:01 CST 2024';
version = 'MY_MMult';
MY_MMult = [
128 7.415672e-01 0.000000e+00 
256 6.772653e-01 0.000000e+00 
512 6.254991e-01 0.000000e+00 
1024 6.428654e-01 0.000000e+00 
];
