date = 'Mon Sep 23 16:36:19 CST 2024';
version = 'blas_cal';
MY_MMult = [
128 5.011116e+00 1.065814e-14 
256 5.351584e+01 1.953993e-14 
512 6.168094e+01 7.460699e-14 
1024 6.938334e+01 1.492140e-13 
];
