date = 'Mon Sep 23 16:43:39 CST 2024';
version = 'pthread_gemm';
MY_MMult = [
128 4.568959e+00 1.065814e-14 
128 2.198273e+00 9.999981e-01 
128 8.608998e-01 9.999981e-01 
256 5.696848e+01 1.953993e-14 
256 3.272326e+00 9.999865e-01 
256 8.533681e-01 9.999865e-01 
512 6.654325e+01 7.460699e-14 
512 3.288844e+00 9.999976e-01 
512 8.442535e-01 9.999976e-01 
1024 7.019526e+01 1.492140e-13 
1024 3.119003e+00 9.999986e-01 
1024 8.011104e-01 9.999986e-01 
];
