date = 'Mon Sep 23 15:26:12 CST 2024';
version = 'blas_cal';
MY_MMult = [
128 7.735714e-01 9.999981e-01 
256 8.138354e-01 9.999865e-01 
512 8.375391e-01 9.999976e-01 
1024 8.303102e-01 9.999986e-01 
];
